function    [TAGS,INDIV] = mdtags
%
%    [TAGS,INDIV] = mdtags
%

TAGS = {'md03_284a','md05_294b','md08_137a','md04_287a','md05_294a','md08_289a',...
      'md05_277a','md08_136a','md08_148a','md08_142a','md10_146a',...
      'md03_298a','md05_285a','md10_163a','md13_134a'};

INDIV = [1,1,1,2,2,2,3,3,4,5,6,7,8,9,10] ;
