% chunk header CRC errors
% a952 0004 07b2 2648 5828 f77f 0006 8cec e462, crc is e462h=58466d
PAR = [169 82 0 4 7 178 38 72 88 40 247 127 0 6 140 236 228 98] ;
PAR = [169 82 0 4 7 178 38 72 88 40 247 127 8 6 140 236 138 40] ;
